person
Zafarullah_Khan_Jamali
